X1 = 0.57346989113030977
X2 = 0.08721718162447295
X3 = -0.026339942315391052
X4 = 0.62954874647430759
X5 = -1.487403373384244
X6 = -1.1813359066430273
X7 = -0.42648164317990089
X8 = -0.45066986251814845
X9 = -0.54321769699925015
X10 = 0.27034505695232874
X11 = 2.073602254782692
X12 = 1.818865693290487
X13 = 1.8301465730891289
X14 = -1.5105175300287808
X15 = -0.58926472305992128
X16 = 1.4520186991970538
X17 = -1.3552171398664405
X18 = 0.52834093643063496
X19 = 1.0577352529009132
X20 = -0.38759877215086691
X21 = -0.4585030242355802
X22 = -1.1056616455645767
X23 = -1.014120136990738
X24 = 0.82627330160637169
X25 = 0.25173719467942823
X26 = -1.4052441911700035
X27 = 1.3985022666542977
X28 = -1.041062712338509
X29 = -0.88091552886219793
X30 = 1.245392687951816
X31 = 2.2533657870477248
X32 = -2.8556143168011068
X33 = 1.6175223277689386
X34 = 0.054300943907362398
X35 = -0.012827585477001663
X36 = 0.0019450397306421952
X37 = -0.70830586617826696
X38 = 1.5594916840682322
X39 = -0.24189345387357969
X40 = -0.4415641081817257
X41 = 0.43957239594593855
X42 = 0.0010702922292516331
X43 = -2.4435253686834475
X44 = -0.59952072090799091
X45 = 0.21926199170388067
X46 = 0.31153671469346805
X47 = -0.90940625331868852
X48 = 3.3234030489427595
X49 = -0.37286476644622585
X50 = -0.34427174681052092